     1.0     1.0
     1.0   448.0
   598.0     1.0
   598.0   448.0
    22.0    58.0
   416.0   184.0
   374.0   274.0
   188.0   208.0
   228.0   122.0
    38.0    80.0
    58.0   106.0
   428.0   202.0
   450.0   234.0
    28.0    10.0
   230.0    52.0
    28.0    34.0
   216.0    88.0
   452.0   136.0
   434.0   164.0
   558.0   150.0
   298.0   198.0
   344.0    82.0
    78.0   184.0
   470.0   312.0
   576.0   338.0
    86.0   234.0
   456.0   356.0
   206.0   430.0
   188.0   376.0
   284.0   400.0
   134.0   386.0
   316.0   436.0
   266.0   290.0
   592.0    28.0