   401.0    54.0
   435.0    54.0
   405.0    75.0
   437.0    77.0
   423.0   121.0
   415.0   160.0
   205.0    59.0
   133.0   137.0
   112.0   208.0
   116.0   295.0
   147.0   354.0
   177.0   391.0
   209.0   494.0
   209.0   448.0
   237.0   501.0
   272.0   501.0
   306.0   496.0
   330.0   482.0
   415.0   464.0
   449.0   476.0
   490.0   478.0
   490.0   434.0
   465.0   405.0
   500.0   350.0
   518.0   279.0
   518.0   189.0
   494.0   130.0
   465.0    75.0
   377.0    32.0
   312.0    16.0
   252.0    34.0
   451.0   105.0
   373.0   103.0
   356.0    57.0
   280.0   148.0
   290.0    91.0
   332.0   208.0
   260.0   331.0
   318.0   368.0
   332.0   439.0
   375.0   457.0
   371.0   395.0
   338.0   352.0
   350.0   290.0
   427.0   279.0
   433.0   325.0
   411.0   359.0
   397.0   398.0
   399.0   414.0
   419.0   418.0
   435.0   407.0
   189.0   208.0
   205.0   125.0
   189.0   281.0
   477.0   155.0
   423.0   215.0
   298.0   185.0
     1.0     1.0
     1.0   512.0
   602.0     1.0
   602.0   512.0
    52.0   226.0
    80.0   267.0
    82.0   212.0
   435.0   141.0
   385.0   139.0
   118.0   263.0
   114.0   242.0
   118.0   219.0