   173.0   115.0
     1.0     1.0
     1.0   497.0
   498.0     1.0
   498.0   497.0
   320.0   122.0
   241.0   206.0
    50.0   391.0
   440.0   402.0
   390.0   204.0
   101.0   191.0
    70.0   188.0
   428.0   200.0
   250.0    24.0
   255.0   311.0
   248.0   375.0
   355.0   264.0
   138.0   255.0
    90.0    46.0
   403.0    46.0
   228.0   457.0
    98.0   440.0
   356.0   442.0
   418.0   313.0
   188.0   311.0
   313.0   313.0
   243.0   180.0
   218.0   220.0
   275.0   228.0
   246.0   113.0
   108.0   257.0
   390.0   255.0
   166.0    20.0
   335.0    26.0
   115.0   137.0
   390.0   151.0
   196.0   131.0
   308.0   131.0
   245.0   246.0
   186.0   248.0
   306.0   251.0
   108.0   493.0
   356.0   495.0
   166.0   133.0
   335.0   135.0
    65.0   100.0
   441.0    95.0
   400.0   131.0
   108.0   117.0
   218.0   188.0
   275.0   193.0
   218.0    82.0
   283.0    80.0
    45.0   495.0
   446.0   495.0
    66.0   333.0
    38.0   444.0
   431.0   348.0
   443.0   446.0
   403.0   282.0
   111.0   233.0
   323.0   342.0
   161.0   326.0