   173.0   115.0
     1.0     1.0
     1.0   497.0
   498.0     1.0
   498.0   497.0
   290.0   117.0
   221.0   193.0
   105.0   415.0
   438.0   422.0
   358.0   180.0
   111.0   175.0
    36.0    66.0
   430.0    73.0
   230.0    40.0
   225.0   282.0
   225.0   320.0
   316.0   248.0
   151.0   251.0
   138.0    20.0
   326.0    15.0
   238.0   431.0
   128.0   440.0
   401.0   437.0
   400.0   331.0
   196.0   284.0
   253.0   286.0
   223.0   168.0
   200.0   200.0
   245.0   211.0
   226.0   115.0
   150.0   300.0
   356.0   222.0
   175.0    33.0
   293.0    35.0
   116.0   137.0
   350.0   140.0
   181.0   126.0
   275.0   128.0
   223.0   222.0
   176.0   235.0
   280.0   237.0
   123.0   495.0
   400.0   493.0
   156.0   131.0
   298.0   131.0
    95.0    26.0
   378.0    22.0
   385.0    75.0
    86.0    84.0
   198.0   177.0
   250.0   180.0
   193.0    97.0
   261.0    95.0
    98.0   495.0
   483.0   495.0
   125.0   344.0
    95.0   451.0
   415.0   373.0
   460.0   448.0
   376.0   284.0
   128.0   240.0
   306.0   304.0
   170.0   300.0