     1.0     1.0
     1.0  1075.0
  1435.0     1.0
  1435.0  1075.0
   710.0   446.0
   969.0   398.0
   792.0   182.0
   475.0   182.0
  1089.0   120.0
  1099.0   273.0
   523.0   345.0
   240.0   657.0
    14.0   787.0
  1238.0   475.0
  1233.0   768.0
  1152.0  1051.0
   926.0   801.0
   892.0   619.0
   835.0   600.0
   940.0   576.0
   888.0   552.0
   720.0   417.0
   964.0   384.0
   844.0   417.0
   816.0   278.0
   624.0   240.0
   969.0   192.0
   446.0   897.0
   710.0   667.0
  1056.0   595.0
   868.0   489.0
  1032.0   230.0
   571.0   292.0