     1.0     1.0
     1.0   597.0
   797.0     1.0
   797.0   597.0
   527.0   222.0
   552.0   204.0
   383.0   233.0
   420.0   240.0
   268.0    84.0
   607.0    60.0
   442.0   104.0
   343.0   127.0
   532.0   105.0
   130.0   369.0
   470.0   315.0
   518.0   316.0
   470.0   333.0
   521.0   332.0
   509.0   438.0
   503.0   374.0
   392.0   369.0
   587.0   326.0
   277.0   186.0
   617.0   160.0
   619.0   517.0
   691.0   308.0
   633.0   114.0
   564.0    74.0
   257.0   135.0
   314.0    97.0
   482.0   256.0
   461.0   180.0
    29.0   418.0
   233.0   254.0
   688.0   420.0
   331.0   156.0
   574.0   148.0
     1.0     1.0
     1.0   546.0
   797.0     1.0
   797.0   546.0
     1.0     1.0