   290.0   123.0
   324.0   119.0
   292.0   137.0
   320.0   139.0
   312.0   173.0
   322.0   196.0
   173.0    91.0
   118.0   146.0
    92.0   222.0
    94.0   288.0
   118.0   338.0
   159.0   382.0
   177.0   430.0
   175.0   402.0
   205.0   441.0
   237.0   437.0
   266.0   430.0
   290.0   428.0
   457.0   405.0
   496.0   405.0
   528.0   393.0
   498.0   370.0
   445.0   354.0
   453.0   297.0
   467.0   233.0
   449.0   167.0
   433.0   119.0
   395.0    80.0
   330.0    59.0
   260.0    57.0
   217.0    68.0
   358.0   148.0
   278.0   162.0
   274.0   109.0
   211.0   173.0
   235.0   121.0
   260.0   217.0
   237.0   311.0
   322.0   288.0
   346.0   274.0
   350.0   254.0
   310.0   244.0
   266.0   251.0
   272.0   233.0
   381.0   217.0
   419.0   228.0
   391.0   235.0
   358.0   244.0
   363.0   263.0
   381.0   265.0
   389.0   274.0
   153.0   203.0
   175.0   132.0
   159.0   265.0
   403.0   173.0
   352.0   226.0
   227.0   194.0
     1.0     1.0
     1.0   512.0
   602.0     1.0
   602.0   512.0
   477.0   471.0
   373.0   462.0
   492.0   439.0
   336.0   178.0
   292.0   183.0
   250.0   386.0
   328.0   361.0
   391.0   370.0