     1.0     1.0
     1.0   698.0
   699.0     1.0
   699.0   698.0
    65.0   296.0
    79.0   327.0
   248.0   280.0
   245.0   312.0
   442.0   302.0
   624.0   308.0
   444.0   327.0
   622.0   327.0
    84.0   352.0
    84.0   436.0
   266.0   346.0
   271.0   436.0
   184.0   449.0
   180.0   336.0
   442.0   349.0
   442.0   446.0
   615.0   343.0
   620.0   436.0
   535.0   449.0
   531.0   346.0
   126.0   383.0
   475.0   383.0
   205.0   496.0
   528.0   492.0
   367.0   630.0
   362.0   595.0
   294.0   614.0
   458.0   605.0
   362.0   486.0
   259.0   505.0
   318.0   499.0
   386.0   499.0
   456.0   492.0
   215.0   530.0
   512.0   527.0
   243.0   574.0
   353.0   396.0
   430.0    99.0
   121.0   240.0
   671.0   199.0
   149.0   271.0
   549.0   280.0
   559.0   312.0
   135.0   308.0
    32.0    28.0
   673.0    31.0
    32.0   667.0
   671.0   664.0
   105.0   371.0
   456.0   374.0
   528.0   390.0
   187.0   393.0
    79.0   393.0
   271.0   390.0
   428.0   396.0
   346.0   308.0
   355.0   449.0
   348.0   127.0
    30.0   221.0
   243.0   193.0
   556.0   131.0
   322.0   595.0
   416.0   580.0
   416.0   620.0
   332.0   627.0
   262.0   530.0
   320.0   527.0
   388.0   527.0
   458.0   521.0
   135.0   449.0
   234.0   443.0
   131.0   343.0
   219.0   346.0
   479.0   343.0
   573.0   343.0
   486.0   449.0
   577.0   449.0
   629.0   390.0
   590.0    14.0