     1.0     1.0
     1.0   597.0
   797.0     1.0
   797.0   597.0
   517.0   294.0
   539.0   278.0
   387.0   282.0
   416.0   298.0
   299.0    49.0
   632.0    53.0
   465.0   104.0
   395.0   100.0
   530.0   108.0
   182.0   401.0
   449.0   430.0
   485.0   431.0
   449.0   449.0
   487.0   450.0
   465.0   487.0
   463.0   466.0
   409.0   456.0
   522.0   452.0
   288.0   216.0
   640.0   228.0
   656.0   463.0
   681.0   350.0
   662.0   144.0
   573.0    74.0
   267.0   131.0
   355.0    71.0
   463.0   338.0
   461.0   223.0
    36.0   443.0
   256.0   289.0
   679.0   401.0
   366.0   180.0
   603.0   181.0