     1.0     1.0
     1.0  1075.0
  1435.0     1.0
  1435.0  1075.0
   724.0   547.0
   955.0   532.0
   835.0   192.0
   537.0    96.0
  1147.0   100.0
  1152.0   408.0
   513.0   388.0
   312.0   729.0
    14.0   849.0
  1214.0   604.0
  1185.0   820.0
  1185.0  1046.0
   835.0   883.0
   840.0   825.0
   792.0   796.0
   883.0   796.0
   844.0   734.0
   715.0   508.0
   950.0   504.0
   830.0   556.0
   830.0   355.0
   710.0   192.0
   940.0   206.0
   489.0   926.0
   739.0   816.0
   940.0   806.0
   835.0   648.0
  1080.0   312.0
   604.0   316.0