     0.0     0.0
  1439.0     0.0
     0.0  1079.0
  1439.0  1079.0
  1439.0   538.2
     0.0   538.2
   482.4   381.6
  1090.8   160.2
   513.0   219.6
   964.8  1079.0
   311.4   873.0
   842.4   354.6
  1047.6   549.0
   705.6   608.4
  1044.0   667.8
   736.2   721.8
   928.8   808.2
   750.6     0.0
   943.2   601.2
   853.2   619.2
  1094.4   428.4
   617.4   525.6
   507.6  1079.0
   862.2  1079.0
  1171.8   507.6
   520.2   601.2
  1125.0   981.0
  1258.2   522.0
  1215.0   390.6
  1139.4   324.0
  1132.2   237.6
  1137.6   144.0
   991.8   154.8
  1062.0   108.0
   606.6   223.2
   536.4   162.0
   464.4   216.0
   487.8   298.8
  1011.6   181.8
   590.4   246.6
  1186.2   356.4
  1260.0   608.4
  1161.0   901.8
  1243.8   774.0
  1243.8   433.8
  1013.4   496.8
  1060.2   615.6
   698.4   673.2
    59.4   748.8
   190.8   689.4
   322.2   574.2
   450.0   426.6
   817.2   282.6
   862.2   428.4
   882.0   181.8
   682.2   198.0
   784.8   183.6
   905.4   696.6
   982.8   698.4
   822.6   732.6
   928.8   541.8
   835.2   549.0
   887.4   549.0
   912.6   586.8
   869.4   590.4
   901.8   635.4
   954.0   563.4
     0.0   781.2
   829.8   586.8
   991.8   370.8
   696.6   414.0
   943.2   388.8
   756.0   421.2
   961.2   370.8
   984.6   405.0
   720.0   408.6
   716.4   451.8
  1009.8   376.2
   939.6   417.6
   768.6   448.2
   680.4   428.4
  1130.4  1079.0
   124.2   714.6
   388.8   496.8
   257.4   648.0
  1027.8   126.0
   579.6   194.4
  1146.6   183.6
   464.4   261.0
  1062.0   219.6
   549.0   275.4
  1105.2   284.4
  1110.6   108.0
   964.8   189.0
   988.2   226.8
   487.8   167.4
   631.8   253.8
   601.2   298.8
   516.6   333.0