     0.0     0.0
  1439.0     0.0
     0.0  1079.0
  1439.0  1079.0
  1439.0   538.2
     0.0   538.2
   500.4   448.2
  1123.2   196.2
   568.8   196.2
   842.4  1079.0
   324.0   905.4
   842.4   448.2
   954.0   725.4
   723.6   723.6
   943.2   837.0
   739.8   831.6
   844.2   898.2
   835.2     0.0
   883.8   819.0
   802.8   820.8
  1053.0   583.2
   635.4   626.4
   405.0  1079.0
   709.2  1079.0
  1116.0   655.2
   556.2   689.4
  1173.6  1017.0
  1233.0   689.4
  1220.4   572.4
  1166.4   468.0
  1180.8   340.2
  1182.6   162.0
   977.4   190.8
  1069.2   111.6
   700.2   189.0
   613.8   108.0
   495.0   156.6
   495.0   327.6
  1009.8   217.8
   669.6   232.2
  1197.0   516.6
  1222.2   734.4
  1179.0   941.4
  1197.0   822.6
  1233.0   630.0
   948.6   666.0
   955.8   783.0
   711.0   775.8
    77.4   815.4
   232.2   775.8
   376.2   673.2
   468.0   496.8
   842.4   338.4
   846.0   561.6
   898.2   208.8
   783.0   208.8
   838.8   199.8
   842.4   876.6
   918.0   858.6
   786.6   864.0
   891.0   741.6
   795.6   738.0
   842.4   723.6
   858.6   790.2
   822.6   790.2
   842.4   824.4
   900.0   790.2
     0.0   844.2
   783.0   788.4
   975.6   500.4
   703.8   496.8
   928.8   513.0
   747.0   518.4
   954.0   493.2
   973.8   538.2
   730.8   498.6
   711.0   538.2
  1004.4   507.6
   928.8   545.4
   756.0   545.4
   684.0   513.0
  1126.8  1079.0
   156.6   790.2
   412.2   574.2
   306.0   741.6
  1018.8   149.4
   655.2   138.6
  1191.6   253.8
   486.0   250.2
  1085.4   298.8
   595.8   297.0
  1137.6   414.0
  1132.2    84.6
   941.4   223.2
   991.8   280.8
   549.0    81.0
   747.0   237.6
   671.4   313.2
   514.8   394.2