     1.0     1.0
     1.0   698.0
   699.0     1.0
   699.0   698.0
    72.0   283.0
    84.0   308.0
   299.0   271.0
   318.0   315.0
   463.0   318.0
   624.0   305.0
   463.0   355.0
   620.0   327.0
    95.0   330.0
    88.0   396.0
   346.0   368.0
   301.0   446.0
   234.0   371.0
   248.0   308.0
   458.0   399.0
   432.0   496.0
   615.0   346.0
   620.0   439.0
   538.0   458.0
   533.0   346.0
   166.0   336.0
   484.0   408.0
   210.0   408.0
   526.0   511.0
   313.0   645.0
   306.0   611.0
   236.0   614.0
   439.0   627.0
   285.0   539.0
   229.0   436.0
   241.0   502.0
   325.0   558.0
   435.0   549.0
   187.0   443.0
   510.0   546.0
   182.0   539.0
   397.0   433.0
   428.0   102.0
   140.0   230.0
   671.0   199.0
   163.0   255.0
   540.0   277.0
   559.0   318.0
   161.0   283.0
    32.0    31.0
   673.0    31.0
    32.0   670.0
   673.0   667.0
   126.0   340.0
   468.0   414.0
   533.0   399.0
   259.0   349.0
    86.0   358.0
   346.0   430.0
   442.0   449.0
   393.0   327.0
   336.0   496.0
   355.0   124.0
    30.0   221.0
   255.0   190.0
   559.0   137.0
   264.0   599.0
   372.0   617.0
   379.0   645.0
   271.0   630.0
   210.0   458.0
   234.0   521.0
   325.0   570.0
   435.0   561.0
   166.0   374.0
   280.0   393.0
   168.0   308.0
   299.0   327.0
   491.0   368.0
   570.0   346.0
   484.0   486.0
   575.0   452.0
   627.0   386.0