     1.0     1.0
     1.0   224.0
   299.0     1.0
   299.0   224.0
    38.0   106.0
   150.0   118.0
    39.0   127.0
   128.0   142.0
   196.0   124.0
   265.0   110.0
   266.0   140.0
   183.0   160.0
    99.0    98.0
    95.0   116.0
   127.0   173.0
    87.0   130.0
   224.0   161.0
   137.0   207.0
   141.0   199.0
    98.0   195.0
   188.0   198.0
   101.0   138.0
   104.0   157.0
   188.0   173.0
   140.0   179.0
   163.0    41.0
    62.0    71.0
   264.0    57.0
   228.0    88.0
   202.0   114.0
   235.0    99.0
    80.0    83.0
    31.0    94.0
   127.0    90.0
   268.0    95.0
    75.0   161.0
   211.0   183.0
   125.0   186.0
    93.0   177.0
   172.0   190.0
   116.0   124.0
    66.0   118.0
   187.0   142.0
   229.0   148.0
   149.0   138.0