     1.0     1.0
     1.0   224.0
   299.0     1.0
   299.0   224.0
    35.0   112.0
   113.0   112.0
    36.0   139.0
   115.0   140.0
   188.0   112.0
   266.0   112.0
   266.0   140.0
   187.0   140.0
    72.0   109.0
    74.0   141.0
   151.0   155.0
    87.0   158.0
   226.0   156.0
   153.0   200.0
   159.0   191.0
   126.0   198.0
   198.0   195.0
   113.0   159.0
   138.0   157.0
   196.0   159.0
   166.0   157.0
   163.0    39.0
    58.0    76.0
   261.0    55.0
   229.0    90.0
   190.0   105.0
   232.0   102.0
    65.0    90.0
    29.0    96.0
   104.0    91.0
   266.0    97.0
   101.0   181.0
   215.0   178.0
   156.0   174.0
   129.0   180.0
   184.0   178.0
    95.0   141.0
    55.0   138.0
   185.0   126.0
   224.0   142.0
   118.0   128.0